Sets
    i 'Dugumler (0: Depo, 1..n: Sanayi Siteleri)' /n1*n37/
    k 'Cop toplama araclari' /1*8/
    r 'Gun ici sefer numaralari' /1*2/
    t 'Haftalık planlama gunleri (1:Pzt..6:Cmt)' /T1*T6/;
    
Alias (i,j,l);

Parameters
    d(i,j) 'i ve j noktalari arasi mesafe (km)'
    tt(i,j) 'i ve j noktalari arasi seyahat suresi (dk)'
    q(i,t) 't gununde i sitesindeki atik miktari (br)'
    s(i) 'i sitesinde konteyner bosaltma suresi (dk)'
    et(i) 'i sitesi icin servis penceresi baslangici (mesai baslangic) (dk)'
    lt(i) 'i sitesi icin servis penceresi bitisi (mesai bitis) (dk)'
    A(i,t) 'Atama parametresi (1: ugranacak, 0: ugranmayacak)'
    ;
    
Scalars
    C 'Bir aracin maksimum tasima kapasitesi (br)' /130000/
    Tmax 'Bir aracin gunluk toplam calisma suresi siniri (dk)' /480/
    M 'Cok buyuk bir pozitif sayi' /20000/
    ;

    
Table d(i,j)

           n1    n2    n3    n4    n5    n6    n7    n8    n9    n10   n11   n12   n13   n14   n15   n16   n17   n18   n19   n20   n21   n22   n23   n24   n25   n26   n27   n28   n29   n30   n31   n32   n33   n34   n35   n36   n37
n1         0.0   2.93  4.32  4.83  4.99  3.12  2.10  1.83  2.66  3.74  2.76  3.49  2.05  3.42  2.54  4.12  1.76  3.98  1.54  1.27  3.14  3.41  2.36  3.54  2.11  4.63  2.57  2.19  2.59  2.60  1.79  2.32  4.22  4.03  3.05  4.44  3.03
n2         2.93  0.00  1.39  1.98  2.13  1.15  1.76  2.11  1.25  2.44  2.78  1.10  2.19  1.95  0.98  1.97  1.88  2.62  2.51  2.50  2.35  1.56  1.63  2.53  0.92  2.60  0.82  0.81  0.44  0.53  1.57  0.61  2.12  2.14  1.05  2.21  0.86
n3         4.32  1.39  0.00  0.61  0.77  2.49  3.10  3.46  2.59  3.79  2.47  1.98  3.10  1.45  1.76  2.55  2.97  3.86  3.84  3.86  1.69  1.16  2.21  3.84  2.11  3.19  2.05  2.12  1.74  1.66  2.85  2.01  1.59  3.25  2.39  0.93  1.67
n4         4.83  1.98  0.61  0.00  0.16  3.08  3.66  4.02  3.15  4.34  2.76  2.48  3.58  1.68  2.29  3.01  3.49  4.36  4.36  4.39  1.83  1.51  2.65  4.36  2.62  3.59  2.59  2.64  2.30  2.20  3.54  2.56  1.76  3.69  2.91  0.44  2.14
n5         4.99  2.13  0.77  0.16  0.00  3.23  3.82  4.18  3.31  4.50  2.87  2.63  3.73  1.78  2.45  3.15  3.64  4.51  4.52  4.54  1.91  1.63  2.79  4.51  2.77  3.72  2.74  2.79  2.45  2.35  3.76  2.71  1.84  3.83  3.06  0.55  2.29
n6         3.12  1.15  2.49  3.08  3.23  0.00  1.45  1.93  1.25  1.30  3.51  1.39  2.34  2.85  1.05  1.19  1.77  1.50  2.40  2.36  3.27  2.34  1.84  1.44  1.13  1.74  0.65  1.01  0.81  0.95  2.67  0.95  3.09  1.12  1.13  3.27  1.43
n7         2.10  1.76  3.10  3.66  3.82  1.45  0.00  0.63  1.09  1.74  3.69  2.22  1.95  3.25  1.47  2.19  1.23  2.01  1.33  1.25  3.54  2.76  1.59  1.77  1.55  2.61  1.38  1.44  1.51  1.65  1.65  1.55  3.74  2.07  1.84  3.79  2.12
n8         1.83  2.11  3.46  4.02  4.18  1.93  0.63  0.00  1.49  2.26  3.84  2.61  1.87  3.50  1.89  2.69  1.24  2.53  0.94  0.88  3.71  2.99  1.65  2.28  1.96  3.12  1.81  1.84  1.91  2.04  1.17  1.93  4.04  2.59  2.29  4.13  2.51
n9         2.66  1.25  2.59  3.15  3.31  1.25  1.09  1.49  0.00  1.89  3.41  1.86  2.37  2.96  1.03  1.96  1.48  2.20  1.96  1.93  3.17  2.33  1.47  1.97  1.16  2.53  1.01  1.08  1.14  1.27  1.09  1.14  3.23  1.88  1.50  3.31  1.69
n10        3.74  2.44  3.79  4.34  4.50  1.30  1.74  2.26  1.89  0.00  4.81  2.63  2.91  4.14  2.19  1.54  2.39  0.44  2.92  2.86  4.56  3.63  2.61  0.36  2.29  1.94  1.75  2.05  2.07  2.21  3.33  2.14  4.38  0.61  2.29  4.51  2.59
n11        2.76  2.78  7.41  8.28  8.61  3.51  3.69  3.84  3.41  4.81  0.00  10.32 6.63  3.45  8.55  12.06 8.73  14.67 11.97 12.06 3.15  4.62  7.23  14.67 9.36  13.86 9.69  9.27  9.09  8.73  2.91  9.42  6.48  13.23 10.44 8.73  8.73
n12        3.49  1.10  1.98  2.48  2.63  1.39  2.22  2.61  1.86  2.63  10.32 0.00  8.76  7.53  4.53  4.89  7.44  8.07  9.24  9.18  8.91  6.42  6.81  8.28  4.17  7.23  3.75  3.96  2.64  2.46  6.81  3.33  7.50  6.51  2.79  8.04  3.15
n13        2.05  2.19  3.10  3.58  3.73  2.34  1.95  1.87  2.37  2.91  6.63  8.76  0.00  6.63  6.42  9.75  4.80  9.36  6.09  6.06  6.57  6.36  4.62  9.15  6.57  11.76 6.48  6.21  6.54  6.66  0.78  6.51  9.27  8.73  7.86  11.13 7.86
n14        3.42  1.95  1.45  1.68  1.78  2.85  3.25  3.50  2.96  4.14  3.45  7.53  6.63  0.00  6.63  10.26 8.28  12.75 11.13 11.19 1.32  1.83  5.28  12.75 7.11  12.27 7.41  7.23  6.75  6.33  5.70  6.87  3.45  11.46 7.89  5.43  6.63
n15        2.54  0.98  1.76  2.29  2.45  1.05  1.47  1.89  1.03  2.19  8.55  4.53  6.42  6.63  0.00  5.73  4.38  6.99  6.93  6.84  7.35  4.89  4.02  6.69  1.56  7.11  1.56  1.35  2.07  2.43  4.23  1.62  7.23  5.64  3.48  7.44  3.48
n16        4.12  1.97  2.55  3.01  3.15  1.19  2.19  2.69  1.96  1.54  12.06 4.89  9.75  10.26 5.73  0.00  7.86  4.08  9.69  9.57  11.52 8.85  7.98  4.47  5.88  3.90  4.44  5.31  4.95  5.04  10.05 5.28  10.77 3.15  3.48  9.54  5.49
n17        1.76  1.88  2.97  3.49  3.64  1.77  1.23  1.24  1.48  2.39  8.73  7.44  4.80  8.28  4.38  7.86  0.00  7.65  3.75  3.66  8.97  6.81  2.64  7.35  4.83  9.45  4.44  4.32  5.22  5.49  1.32  5.04  10.23 7.23  6.72  10.89 7.11
n18        3.98  2.62  3.86  4.36  4.51  1.50  2.01  2.53  2.20  0.44  14.67 8.07  9.36  12.75 6.99  4.08  7.65  0.00  9.57  9.39  14.01 11.19 8.46  1.38  7.35  4.89  5.85  6.66  6.66  7.02  11.16 6.87  13.47 1.08  7.17  13.56 8.04
n19        1.54  2.51  3.84  4.36  4.52  2.40  1.33  0.94  1.96  2.92  11.97 9.24  6.09  11.13 6.93  9.69  3.75  9.57  0.00  0.54  11.73 9.63  5.31  8.85  7.17  11.25 6.78  6.75  7.02  7.44  0.84  7.17  12.93 9.66  8.43  13.53 9.06
n20        1.27  2.50  3.86  4.39  4.54  2.36  1.25  0.88  1.93  2.86  12.06 9.18  6.06  11.19 6.84  9.57  3.66  9.39  0.54  0.00  11.82 9.66  5.22  8.67  7.08  11.07 6.66  6.63  6.93  7.35  1.56  7.05  12.99 9.48  8.31  13.59 8.94
n21        3.14  2.35  1.69  1.83  1.91  3.27  3.54  3.71  3.17  4.56  3.15  8.91  6.57  1.32  7.35  11.52 8.97  14.01 11.73 11.82 0.00  2.55  6.33  13.89 8.04  13.38 8.46  8.19  7.83  7.44  4.05  7.86  4.35  12.69 9.09  6.03  7.59
n22        3.41  1.56  1.16  1.51  1.63  2.34  2.76  2.99  2.33  3.63  4.62  6.42  6.36  1.83  4.89  8.85  6.81  11.19 9.63  9.66  2.55  0.00  4.44  11.07 5.46  10.98 5.76  5.52  5.13  4.80  5.31  5.13  3.36  9.96  6.42  4.62  5.13
n23        2.36  1.63  2.21  2.65  2.79  1.84  1.59  1.65  1.47  2.61  7.23  6.81  4.62  5.28  4.02  7.98  2.64  8.46  5.31  3.22  6.33  4.44  0.00  8.13  4.35  9.72  4.29  4.11  4.65  4.77  1.71  4.47  7.29  7.92  6.39  8.73  6.30
n24        3.54  2.53  3.84  4.36  4.51  1.44  1.77  2.28  1.97  0.36  14.67 8.28  9.15  12.75 6.69  4.47  7.35  1.38  8.85  8.67  13.89 11.07 8.13  0.00  6.93  5.49  5.34  6.24  6.42  6.81  10.71 6.60  13.41 1.44  7.17  13.56 8.04
n25        2.11  0.92  2.11  2.62  2.77  1.13  1.55  1.96  1.16  2.29  9.36  4.17  6.57  7.11  1.56  5.88  4.83  7.35  7.17  7.08  8.04  5.46  4.35  6.93  0.00  7.05  1.38  0.84  1.53  1.95  2.07  1.56  7.77  5.97  2.76  8.43  2.85
n26        4.63  2.60  3.19  3.59  3.72  1.74  2.61  3.12  2.53  1.94  13.86 7.23  11.76 12.27 7.11  3.90  9.45  4.89  11.25 11.07 13.38 10.98 9.72  5.49  7.05  0.00  5.88  6.66  6.57  6.81  12.48 6.78  12.87 4.35  6.15  11.46 7.38
n27        2.57  0.82  2.05  2.59  2.74  0.65  1.38  1.81  1.01  1.75  9.69  3.75  6.48  7.41  1.56  4.44  4.44  5.85  6.78  6.66  8.46  5.76  4.29  5.34  1.38  5.88  0.00  1.08  1.32  1.68  5.25  1.23  8.04  4.62  2.64  8.25  2.82
n28        2.19  0.81  2.12  2.64  2.79  1.01  1.44  1.84  1.08  2.05  9.27  3.96  6.21  7.23  1.35  5.31  4.32  6.66  6.75  6.63  8.19  5.52  4.11  6.24  0.84  6.66  1.08  0.00  1.32  1.74  3.33  0.93  7.80  5.34  2.46  8.40  2.61
n29        2.59  0.44  1.74  2.30  2.45  0.81  1.51  1.91  1.14  2.07  9.09  2.64  6.54  6.75  2.07  4.95  5.22  6.66  7.02  6.93  7.83  5.13  4.65  6.42  1.53  6.57  1.32  1.32  0.00  0.48  3.78  0.69  7.08  5.31  1.56  7.44  1.56
n30        2.60  0.53  1.66  2.20  2.35  0.95  1.65  2.04  1.27  2.21  8.73  2.46  6.66  6.33  2.43  5.04  5.49  7.02  7.44  7.35  7.44  4.80  4.77  6.81  1.95  6.81  1.68  1.74  0.48  0.00  3.48  1.08  6.66  5.64  1.38  7.17  1.08
n31        1.79  1.57  2.85  3.54  3.76  2.67  1.65  1.17  1.09  3.33  2.91  6.81  0.78  5.70  4.23  10.05 1.32  11.16 0.84  1.56  4.05  5.31  1.71  10.71 2.07  12.48 5.25  3.33  3.78  3.48  0.00  3.30  7.83  10.68 6.78  9.87  5.31
n32        2.32  0.61  2.01  2.56  2.71  0.95  1.55  1.93  1.14  2.14  9.42  3.33  6.51  6.87  1.62  5.28  5.04  6.87  7.17  7.05  7.86  5.13  4.47  6.60  1.56  6.78  1.23  0.93  0.69  1.08  3.30  0.00  7.35  5.79  2.07  8.13  2.04
n33        4.22  2.12  1.59  1.76  1.84  3.09  3.74  4.04  3.23  4.38  6.48  7.50  9.27  3.45  7.23  10.77 10.23 13.47 12.93 12.99 4.35  3.36  7.29  13.41 7.77  12.87 8.04  7.80  7.08  6.66  7.83  7.35  0.00  12.27 7.86  5.52  6.93
n34        4.03  2.14  3.25  3.69  3.83  1.12  2.07  2.59  1.88  0.61  13.23 6.51  8.73  11.46 5.64  3.15  7.23  1.08  9.66  9.48  12.69 9.96  7.92  1.44  5.97  4.35  4.62  5.34  5.31  5.64  10.68 5.79  12.27 0.00  4.89  11.52 6.39
n35        3.05  1.05  2.39  2.91  3.06  1.13  1.84  2.29  1.50  2.29  10.44 2.79  7.86  7.89  3.48  3.48  6.72  7.17  8.43  8.31  9.09  6.42  6.39  7.17  2.76  6.15  2.64  2.46  1.56  1.38  6.78  2.07  7.86  4.89  0.00  8.94  1.86
n36        4.44  2.21  0.93  0.44  0.55  3.27  3.79  4.13  3.31  4.51  8.73  8.04  11.13 5.43  7.44  9.54  10.89 13.56 13.53 13.59 6.03  4.62  8.73  13.56 8.43  11.46 8.25  8.40  7.44  7.17  9.87  8.13  5.52  11.52 8.94  0.00  7.08
n37        3.03  0.86  1.67  2.14  2.29  1.43  2.12  2.51  1.69  2.59  8.73  3.15  7.86  6.63  3.48  5.49  7.11  8.04  9.06  8.94  7.59  5.13  6.30  8.04  2.85  7.38  2.82  2.61  1.56  1.08  5.31  2.04  6.93  6.39  1.86  7.08  0.00

 ;

Table tt(i,j)
           n1    n2    n3    n4    n5    n6    n7    n8    n9    n10   n11   n12   n13   n14   n15   n16   n17   n18   n19   n20   n21   n22   n23   n24   n25   n26   n27   n28   n29   n30   n31   n32   n33   n34   n35   n36   n37
n1         0.0   8.79  12.96 14.49 14.97 9.36  6.30  5.49  7.98  11.22 8.28  10.47 6.15  10.26 7.62  12.36 5.28  11.94 4.62  3.81  9.42  10.23 7.08  10.62 6.33  13.89 7.71  6.57  7.77  7.80  5.37  6.96  12.66 12.09 9.15  13.32 9.09
n2         8.79  0.00  4.17  5.94  6.39  3.45  5.28  6.33  3.75  7.32  8.34  3.30  6.57  5.85  2.94  5.91  5.64  7.86  7.53  7.50  7.05  4.68  4.89  7.59  2.76  7.80  2.46  2.43  1.32  1.59  4.71  1.83  6.36  6.42  3.15  6.63  2.58
n3         12.96 4.17  0.00  1.83  2.31  7.47  9.30  10.38 7.77  11.37 7.41  5.94  9.30  4.35  5.28  7.65  8.91  11.58 11.52 11.58 5.07  3.48  6.63  11.52 6.33  9.57  6.15  6.36  5.22  4.98  8.55  6.03  4.77  9.75  7.17  2.79  5.01
n4         14.49 5.94  1.83  0.00  0.48  9.24  10.98 12.06 9.45  13.02 8.28  7.44  10.74 5.04  6.87  9.03  10.47 13.08 13.08 13.17 5.49  4.53  7.95  13.08 7.86  10.77 7.77  7.92  6.90  6.60  10.62 7.68  5.28  11.07 8.73  1.32  6.42
n5         14.97 6.39  2.31  0.48  0.00  9.69  11.46 12.54 9.93  13.50 8.61  7.89  11.19 5.34  7.35  9.45  10.92 13.53 13.56 13.62 5.73  4.89  8.37  13.53 8.31  11.16 8.22  8.37  7.35  7.05  11.28 8.28  5.52  11.49 9.18  1.65  6.87
n6         9.36  3.45  7.47  9.24  9.69  0.00  4.35  5.79  3.75  3.90  10.53 4.17  7.02  8.55  3.15  3.57  5.31  4.50  7.20  7.08  9.81  7.02  5.52  4.32  3.39  5.22  1.95  3.03  2.43  2.85  8.01  2.85  9.27  3.36  3.39  9.81  4.29
n7         6.30  5.28  9.30  10.98 11.46 4.35  0.00  1.89  3.27  5.22  11.07 6.66  5.85  9.75  4.41  6.57  3.69  6.03  3.99  3.75  10.62 8.28  4.77  5.31  4.65  7.83  4.14  4.32  4.53  4.95  4.95  4.65  11.22 6.21  5.52  11.37 6.36
n8         5.49  6.33  10.38 12.06 12.54 5.79  1.89  0.00  4.47  6.78  11.52 7.83  5.61  10.50 5.67  8.07  3.72  7.59  2.82  2.64  11.13 8.97  4.95  6.84  5.88  9.36  5.43  5.52  5.73  6.12  2.61  5.79  12.12 7.77  6.87  12.39 7.53
n9         7.98  3.75  7.77  9.45  9.93  3.75  3.27  4.47  0.00  5.67  10.23 5.58  7.11  8.88  3.09  5.88  4.44  6.60  5.88  5.79  9.51  6.99  4.41  5.91  3.48  7.59  3.03  3.24  3.42  3.81  3.27  3.42  9.69  5.64  4.50  9.93  5.07
n10        11.22 7.32  11.37 13.02 13.50 3.90  5.22  6.78  5.67  0.00  14.43 7.89  8.73  12.42 6.57  4.62  7.17  1.32  8.76  8.58  13.68 10.89 7.83  1.08  6.87  5.82  5.25  6.15  6.21  6.63  9.99  6.42  13.14 1.83  6.87  13.53 7.77
n11        8.28  8.34  7.41  8.28  8.61  10.53 11.07 11.52 10.23 14.43 0.00  10.32 6.63  3.45  8.55  12.06 8.73  14.67 11.97 12.06 3.15  4.62  7.23  14.67 9.36  13.86 9.69  9.27  9.09  8.73  2.91  9.42  6.48  13.23 10.44 8.73  8.73
n12        10.47 3.30  5.94  7.44  7.89  4.17  6.66  7.83  5.58  7.89  10.32 0.00  8.76  7.53  4.53  4.89  7.44  8.07  9.24  9.18  8.91  6.42  6.81  8.28  4.17  7.23  3.75  3.96  2.64  2.46  6.81  3.33  7.50  6.51  2.79  8.04  3.15
n13        6.15  6.57  9.30  10.74 11.19 7.02  5.85  5.61  7.11  8.73  6.63  8.76  0.00  6.63  6.42  9.75  4.80  9.36  6.09  6.06  6.57  6.36  4.62  9.15  6.57  11.76 6.48  6.21  6.54  6.66  0.78  6.51  9.27  8.73  7.86  11.13 7.86
n14        10.26 5.85  4.35  5.04  5.34  8.55  9.75  10.50 8.88  12.42 3.45  7.53  6.63  0.00  6.63  10.26 8.28  12.75 11.13 11.19 1.32  1.83  5.28  12.75 7.11  12.27 7.41  7.23  6.75  6.33  5.70  6.87  3.45  11.46 7.89  5.43  6.63
n15        7.62  2.94  5.28  6.87  7.35  3.15  4.41  5.67  3.09  6.57  8.55  4.53  6.42  6.63  0.00  5.73  4.38  6.99  6.93  6.84  7.35  4.89  4.02  6.69  1.56  7.11  1.56  1.35  2.07  2.43  4.23  1.62  7.23  5.64  3.48  7.44  3.48
n16        12.36 5.91  7.65  9.03  9.45  3.57  6.57  8.07  5.88  4.62  12.06 4.89  9.75  10.26 5.73  0.00  7.86  4.08  9.69  9.57  11.52 8.85  7.98  4.47  5.88  3.90  4.44  5.31  4.95  5.04  10.05 5.28  10.77 3.15  3.48  9.54  5.49
n17        5.28  5.64  8.91  10.47 10.92 5.31  3.69  3.72  4.44  7.17  8.73  7.44  4.80  8.28  4.38  7.86  0.00  7.65  3.75  3.66  8.97  6.81  2.64  7.35  4.83  9.45  4.44  4.32  5.22  5.49  1.32  5.04  10.23 7.23  6.72  10.89 7.11
n18        11.94 7.86  11.58 13.08 13.53 4.50  6.03  7.59  6.60  1.32  14.67 8.07  9.36  12.75 6.99  4.08  7.65  0.00  9.57  9.39  14.01 11.19 8.46  1.38  7.35  4.89  5.85  6.66  6.66  7.02  11.16 6.87  13.47 1.08  7.17  13.56 8.04
n19        4.62  7.53  11.52 13.08 13.56 7.20  3.99  2.82  5.88  8.76  11.97 9.24  6.09  11.13 6.93  9.69  3.75  9.57  0.00  0.54  11.73 9.63  5.31  8.85  7.17  11.25 6.78  6.75  7.02  7.44  0.84  7.17  12.93 9.66  8.43  13.53 9.06
n20        3.81  7.50  11.58 13.17 13.62 7.08  3.75  2.64  5.79  8.58  12.06 9.18  6.06  11.19 6.84  9.57  3.66  9.39  0.54  0.00  11.82 9.66  5.22  8.67  7.08  11.07 6.66  6.63  6.93  7.35  1.56  7.05  12.99 9.48  8.31  13.59 8.94
n21        9.42  7.05  5.07  5.49  5.73  9.81  10.62 11.13 9.51  13.68 3.15  8.91  6.57  1.32  7.35  11.52 8.97  14.01 11.73 11.82 0.00  2.55  6.33  13.89 8.04  13.38 8.46  8.19  7.83  7.44  4.05  7.86  4.35  12.69 9.09  6.03  7.59
n22        10.23 4.68  3.48  4.53  4.89  7.02  8.28  8.97  6.99  10.89 4.62  6.42  6.36  1.83  4.89  8.85  6.81  11.19 9.63  9.66  2.55  0.00  4.44  11.07 5.46  10.98 5.76  5.52  5.13  4.80  5.31  5.13  3.36  9.96  6.42  4.62  5.13
n23        7.08  4.89  6.63  7.95  8.37  5.52  4.77  4.95  4.41  7.83  7.23  6.81  4.62  5.28  4.02  7.98  2.64  8.46  5.31  3.22  6.33  4.44  0.00  8.13  4.35  9.72  4.29  4.11  4.65  4.77  1.71  4.47  7.29  7.92  6.39  8.73  6.30
n24        10.62 7.59  11.52 13.08 13.53 4.32  5.31  6.84  5.91  1.08  14.67 8.28  9.15  12.75 6.69  4.47  7.35  1.38  8.85  8.67  13.89 11.07 8.13  0.00  6.93  5.49  5.34  6.24  6.42  6.81  10.71 6.60  13.41 1.44  7.17  13.56 8.04
n25        6.33  2.76  6.33  7.86  8.31  3.39  4.65  5.88  3.48  6.87  9.36  4.17  6.57  7.11  1.56  5.88  4.83  7.35  7.17  7.08  8.04  5.46  4.35  6.93  0.00  7.05  1.38  0.84  1.53  1.95  2.07  1.56  7.77  5.97  2.76  8.43  2.85
n26        13.89 7.80  9.57  10.77 11.16 5.22  7.83  9.36  7.59  5.82  13.86 7.23  11.76 12.27 7.11  3.90  9.45  4.89  11.25 11.07 13.38 10.98 9.72  5.49  7.05  0.00  5.88  6.66  6.57  6.81  12.48 6.78  12.87 4.35  6.15  11.46 7.38
n27        7.71  2.46  6.15  7.77  8.22  1.95  4.14  5.43  3.03  5.25  9.69  3.75  6.48  7.41  1.56  4.44  4.44  5.85  6.78  6.66  8.46  5.76  4.29  5.34  1.38  5.88  0.00  1.08  1.32  1.68  5.25  1.23  8.04  4.62  2.64  8.25  2.82
n28        6.57  2.43  6.36  7.92  8.37  3.03  4.32  5.52  3.24  6.15  9.27  3.96  6.21  7.23  1.35  5.31  4.32  6.66  6.75  6.63  8.19  5.52  4.11  6.24  0.84  6.66  1.08  0.00  1.32  1.74  3.33  0.93  7.80  5.34  2.46  8.40  2.61
n29        7.77  1.32  5.22  6.90  7.35  2.43  4.53  5.73  3.42  6.21  9.09  2.64  6.54  6.75  2.07  4.95  5.22  6.66  7.02  6.93  7.83  5.13  4.65  6.42  1.53  6.57  1.32  1.32  0.00  0.48  3.78  0.69  7.08  5.31  1.56  7.44  1.56
n30        7.80  1.59  4.98  6.60  7.05  2.85  4.95  6.12  3.81  6.63  8.73  2.46  6.66  6.33  2.43  5.04  5.49  7.02  7.44  7.35  7.44  4.80  4.77  6.81  1.95  6.81  1.68  1.74  0.48  0.00  3.48  1.08  6.66  5.64  1.38  7.17  1.08
n31        5.37  4.71  8.55  10.62 11.28 8.01  4.95  2.61  3.27  9.99  2.91  6.81  0.78  5.70  4.23  10.05 1.32  11.16 0.84  1.56  4.05  5.31  1.71  10.71 2.07  12.48 5.25  3.33  3.78  3.48  0.00  3.30  7.83  10.68 6.78  9.87  5.31
n32        6.96  1.83  6.03  7.68  8.28  3.42  5.28  5.79  3.42  6.42  9.42  3.33  6.51  6.87  1.62  5.28  5.04  6.87  7.17  7.05  7.86  5.13  4.47  6.60  1.56  6.78  1.23  0.93  0.69  1.08  3.30  0.00  7.35  5.79  2.07  8.13  2.04
n33        12.66 6.36  4.77  5.28  5.52  9.27  11.22 12.12 9.69  13.14 6.48  7.50  9.27  3.45  7.23  10.77 10.23 13.47 12.93 12.99 4.35  3.36  7.29  13.41 7.77  12.87 8.04  7.80  7.08  6.66  7.83  7.35  0.00  12.27 7.86  5.52  6.93
n34        12.09 6.42  9.75  11.07 11.49 3.36  6.21  7.77  5.64  1.83  13.23 6.51  8.73  11.46 5.64  3.15  7.23  1.08  9.66  9.48  12.69 9.96  7.92  1.44  5.97  4.35  4.62  5.34  5.31  5.64  10.68 5.79  12.27 0.00  4.89  11.52 6.39
n35        9.15  3.15  7.17  8.73  9.18  3.39  5.52  6.87  4.50  6.87  10.44 2.79  7.86  7.89  3.48  3.48  6.72  7.17  8.43  8.31  9.09  6.42  6.39  7.17  2.76  6.15  2.64  2.46  1.56  1.38  6.78  2.07  7.86  4.89  0.00  8.94  1.86
n36        13.32 6.63  2.79  1.32  1.65  9.81  11.37 12.39 9.93  13.53 8.73  8.04  11.13 5.43  7.44  9.54  10.89 13.56 13.53 13.59 6.03  4.62  8.73  13.56 8.43  11.46 8.25  8.40  7.44  7.17  9.87  8.13  5.52  11.52 8.94  0.00  7.08
n37        9.09  2.58  5.01  6.42  6.87  4.29  6.36  7.53  5.07  7.77  8.73  3.15  7.86  6.63  3.48  5.49  7.11  8.04  9.06  8.94  7.59  5.13  6.30  8.04  2.85  7.38  2.82  2.61  1.56  1.08  5.31  2.04  6.93  6.39  1.86  7.08  0.00
 ;

Table q(i,t)
            T1       T2        T3        T4       T5        T6
n2       2100    2100    1650    1550    2600    1250
n3       1500    1100    1100    1500    1600    1250
n4       1100    1400    1200    2000    1200     950
n5       3150    4200    3200    3700    4400    2700
n6       2800    1500    4050    2650    2250    5000
n7       3150    2400    2850    3650    1650    1000
n8       1450    1750    1400    1850    1500     750
n9       5500    4600    3700    5650    4950    4300
n10      1600    1800    2050    2300    3350    1300
n11      2400    1400    1950    1650    1700     950
n12      4050    3050    3550    2550    3550    1850
n13      2450    1200    2500    2150    2250    1050
n14      8250    6550    6700    6150    8350    8950
n15      5550    3850    4500    4300    5800    3250
n16      1800    1000    1050    1650    1950    1100
n17      3000    2550    1700    3250    1650    1800
n18      3650    2850    3350    2800    3200    1900
n19      3550    3600    4150    4850    6300    2800
n20      4900    3350    5450    4200    4000    4150
n21      3550    3100    4850    3250    3850    4100
n22      2450    1600    1500    2100    1150    1500
n23      5250    3650    4250    4950    4750    2350
n24      8450    5050    5550    5250    6500    2950
n25      7200    7300    8150    6250    7750    5000
n26     22950   19550   20400   21850   22650   23650
n27      2550    1750    2300    2800    2700    3200
n28      2800    2150    2700    2400    2800    2150
n29      2700    2150    1900    1950    2350    2100
n30      4700    3900    4400    3900    4100    1450
n31      1850    1100    1450    1000    1950    1200
n32      6750    4500    5650    3700    4150    2550
n33     13900    4950    6000    7200    6950    5800
n34      3050    3500    4250    4250    3750    3300
n35      3100    2100    2050    2700    2200    2700
n36      2400     900    1550    1400    1800    2200
n37     14600   14450   12750   15900   15200   15450 ;

s(i)  = 40;
et(i) = 480;
lt(i) = 1020;

s("n1")  = 0;
et("n1") = 0;
lt("n1") = 1440;
A(i,t)$(ord(i) ne 1) = 1 ;

Variables
    Z 'Toplam katedilen mesafe (km)';

Binary Variables
    X(i,j,k,r,t) 'k aracı, t gününde, r. seferinde i den j ye gidiyorsa 1, aksi halde 0';

Positive Variables
    V(i,k,r,t) 'k aracının t gününde r. seferinde i düğümüne varış zamanı (dk)'
    u(i,k,r,t) 'Kapasite takibi ve alt-tur engelleme için yardımcı değişken';
    
Equations
    ObjFunc                   'Amaç Fonksiyonu: Toplam mesafeyi minimize et'
    ZiyaretKisit(i,t)         'Planlanan her gün her siteye mutlaka bir araç/sefer uğramalıdır'
    AkimDengesi(j,k,r,t)      'Bir siteye giren araç, o siteden çıkmalıdır'
    Kapasite(k,r,t)           'Her bir seferde toplanan toplam atık araç kapasitesini aşamaz'
    SeferSirasi(k,r,t)        'r+1. sefere başlamak için r. seferin tamamlanıp depoya dönülmesi gerekir'
    ZamanPenceresi(i,j,k,r,t) 'Varış zamanı hesaplama ve alt-tur engelleme'
    ZamanAltSinir(i,k,r,t)    'Mesai başlangıç kısıtı'
    ZamanUstSinir(i,k,r,t)    'Mesai bitiş kısıtı'
    GunlukSure(k,t)           'Bir aracın günlük maksimum çalışma süresi kısıtı'
    AltTurEngelleme(i,j,k,r,t) 'Alt-tur engelleme kısıtı';



ObjFunc..
    Z =e= sum((t,k,r,i,j), d(i,j) * X(i,j,k,r,t));

ZiyaretKisit(i,t)$(ord(i) ne 1)..
    sum((k,r,j)$(ord(j) ne ord(i)), X(i,j,k,r,t)) =e= A(i,t);
    
AkimDengesi(j,k,r,t)..
    sum(i$(ord(i) ne ord(j)), X(i,j,k,r,t)) - sum(l$(ord(l) ne ord(j)), X(j,l,k,r,t)) =e= 0;

Kapasite(k,r,t)..
   sum((i,j)$(ord(i) ne 1), q(i,t)*X(i,j,k,r,t)) =l= C;
   
SeferSirasi(k,r,t)$(ord(r) < card(r))..
    sum(j$(ord(j) ne 1), X("n1",j,k,r+1,t)) =l= sum(i$(ord(i) ne 1), X(i,"n1",k,r,t));

ZamanPenceresi(i,j,k,r,t)$(ord(i) ne ord(j))..
    V(i,k,r,t) + s(i) + tt(i,j) =l= V(j,k,r,t) + M * (1 - X(i,j,k,r,t));
    
ZamanAltSinir(i,k,r,t)..
    V(i,k,r,t) =g= et(i);
    
ZamanUstSinir(i,k,r,t)..
    V(i,k,r,t) =l= lt(i);
    
GunlukSure(k,t)..
    sum((r,i,j), (tt(i,j) + s(i)) * X(i,j,k,r,t)) =l= Tmax;

AltTurEngelleme(i,j,k,r,t)$(ord(i) > 1 and ord(j) > 1 and ord(i) <> ord(j))..
    u(i,k,r,t) - u(j,k,r,t) + C * X(i,j,k,r,t) =l= C - q(j,t);

    
Model bitirme_sena /all/;
Solve bitirme_sena using MIP minimizing Z;